10100111101100000010
10000000110111110000
00001100000011010011
01001100000100001001
01111111110100101110
00100000011100110010
01111011110100000001
10000111001111001101
00110100110111000111
01001010100010011101
00110000110100110001
00100110111101110101
10100110001001010111
00100101100110110011
10000100011010111000
01100000011111100111
10011011000100101101
01000010101011000000
11000010010000000011
00100001010111010110
01001011101111011000
11101000110011010000
11010101011100000111
01001100110001011000
10010110000001011000
11001000011111001000
11010001100100111001
00000000001100001100
11001101100111110010
11000101101011000011
11011001011101100010
11000001110000111110
11110011010001111011
11101101010011100110
01010011111010101011
01100110110001110111
11000001111010110001
01000010110000101100
00011011111010001000
01110011111101001111
01100100100010010110
00110010000001010001
10111011000011000010
11000011011000011100
10110000010000010001
01000001001101010000
00110010101100111010
10000110011010111110
10101100111010010000
00111101111110111110
01000001110011000011
11100000001010001100
01110010010011010110
11010101000111111001
11110110010101110010
11011011111111000100
11000110010100101001
00001101111000011110
00110110110111000011
01010101101100000100
10110111110111011111
10101101001001000100
00111110101110111000
01101011010001001010
00000011001111011100
11011110101010011010
11101001110110101001
11111001000111101000
01010111000100010011
01000000011110001001
00011000110110101000
11000001000110101100
11000111000110111000
11011101101101000000
00101111001110110111
11000000100000111011
01010111111100010010
01001000111011101010
00001001000110101011
01010010001100001100
11010010111110100000
00111011001111010101
00000011010100110011
01100001111010001111
10000000000000110001
10011011101001001010
01110000010001010100
01000001110100000111
10001110101010011001
11101001111110100101
00011101000101000100
01000110110000001011
10111100101001110100
01110100000110110001
10101001101111101111
01101011110011100011
11100110010101010111
00111101001001110101
01111010111011100000
11101100100000000111
00010000010000001001
10110101110010010111
10011111011100010010
10111100010101101100
11010101101010010100
11001001010100110111
00111000010011010010
00000110101101111001
00010001010111100101
11000010111110001101
10010010111010111100
11100010110001011100
11010000101110101011
11111000001110010101
01011010101111101010
11111010101000110010
11010110011101100110
01111010101100001000
11010101000001000111
10010011100010011000
00110000000001010101
11100000100111001101
11000010111011100000
00110110101110101011
10101010101001001010
11100010010010111100
00110001111001011101
00100110011011101000
10110011111110011011
01000010001101111001
00010001011101000101
00100000100111100010
11010010101100010110
11101000010011110111
11101011100111011000
00111011011111001011
00010101101000100110
01100011000000011011
00011110001001001010
01111110101111011100
01111100101001111010
10100010100011100111
11011100011101001111
01010001000010001011
00111011110010000000
10111000000011111001
00100111000111101011
00110111110001000011
11111000110101111110
00101110001111011010
11010001010101000101
10101010011101001010
11011001111000011001
11000000000111001000
10000111011101011101
10011111000000100011
01100101101100101011
00111100001001011111
10010110100011101000
00001101011001110100
11101100101000111010
01000111011001110111
11011111100010100010
00010000111001101111
01000001010111011101
00101011101000100110
01111011000110111010
11011110100111001000
10101110110101110110
00100110011100111111
11101110111110100010
01001010000111010100
10000011001001011011
01111111110101101000
00111001110101001010
10100100111001000010
00000011110110000000
11010001111100100100
00011000101101111111
11101010010000111101
00111011001110101011
01010111110010010111
00011111010000001111
01000110000000000110
01001110001011010101
00010111001001100010
01010101001111101110
00011111111001000000
11001111101110000011
01101000110100110101
00000101001101001110
01001001100000100010
10011001100010110111
00010010010001110111
10111110000101001100
01001110011000100001
11001000011101011000
10010000110100010100
10100111101000001111
01000111100110100111
11101101011101111101
11100110110000001000
01001111110101011010
01100100101101110111
11011111000101001101
10101111010011110101
00101011110101010010
00000111110000101010
11001010011001100001
10011011100101001111
00111110110110100111
00101110111011101011
11110010110000100100
00001110010000111001
01000110111000001101
00110101010101110100
01001101010110011001
10010010111011100110
00111110100001000100
00000000001111001001
10010110101001010010
11100101100010111001
11101110010111100100
10110000110110110110
10101011000011110111
01010110111010111110
00010011111100010000
10000101101101001000
00100001100000000000
01111000000111111001
10001011010000011100
10010100001001111111
11111100101110110001
00100010101011001000
01111110111011000011
11010001011011001010
01011011011001010100
10111001010011001001
00100110111011011011
11011111111011000110
01100111101100001100
00101010111000001100
00011101011011001110
00100001000011001101
00011011011100110111
10101001010010000101
00010011000100101110
11010010010101001100
11010111001001101101
01110101000100001011
10011001111011110101
10001100000010010011
10010011000010001110
11011011010100110110
10001101001101111111
01111010100111010100
00011100000111100011
00100111101010000110
10111100111101100010
11000010011000000100
00011111000001000000
10101010011110100110
00010111000100110100
10111001000000110000
00010011101111100001
01001100000000100100
00001001011100001010
00011110001000000011
10000101001111100110
00111011110000101001
11010100111111001001
00010111110000000010
01100100110111110000
11111101000110111101
01111010000101110100
00100101000010111000
11111101101101011010
00011100101101010010
01101011010000110100
01000001000011110011
11011010101110010011
00001100101010100101
10100110110110010101
01111110101101111100
00011010100001010000
00010110001001010000
01011111001100001101
01011110001111000100
10100011000010001111
10100111000010010100
01000010100011111100
00011000001100001010
10111010110010110100
00001110010111101001
00010110000110000111
11101001011010010110
00001001001100101101
01011110001010011101
01110110101101011110
11110001101010110000
00101100010011101101
10011100110100011001
00100011111010000100
11010001100000110011
11010000111111010011
10001100001001000111
01001111010000010011
00000101100011100001
10110001110011110110
00011011100010110010
11010011011001000111
11000100111111010001
01010110111111010100
11001111000110000100
00001010110101000100
00100111000000101101
10001110001101110001
00010100000100110010
01010100001010110001
00101001011001101101
01110111001011001000
11011101011001111011
11011110110110111101
10011111110000000011
00011011010011011110
10010101110011010011
11110101000001111110
01000011001011110110
01011111000010101000
10101110111010101100
10100001100000011011
11001100100000100001
11101000011101100010
00111000001001100000
00010111000101111001
00111100100010010000
11100011000101010111
11111101011011000101
11100101100011010100
01101101001010111111
10011010010101100110
11001111101001010001
11010010010100010101
11010101011110010111
10011000110010010110
10001100011110001101
10100100011011011000
00111101001001100001
10010100010001101001
11110011100110101110
01010001111001010111
00000011000000000100
00011111110101011000
10000010000000011111
01110001010001001000
10000101100011100110
01100100110010100000
10101110100110000000
00110000000101001001
11110001001111010001
00010011000001101111
10000110100010100101
00101100111110111011
00110010000101111010
01011100111010011111
00000101001110000110
01111011011011001000
11001111110110010000
10100101011001110001
10101011101010101001
01100000010111111110
10111100000000111010
00000110010000110100
11000000100110100110
00110111011100110101
01001101100100010001
11010000111111011110
10111110100010001010
11110111111010011000
00011010001111011100
00110010100111010011
01111000101111000101
00100110011101101111
01111010010010100110
10000010110010101000
10000010010101000001
11011010010000011000
00111011010111100010
10010011111100110111
11111001000000101111
00001010001101010001
01110010011110010110
00001110100000010000
11000111110101011111
01011101011111001011
11011100111111010010
11110011000001000010
00011110101100100001
01101011111101111000
01110111111111110111
10000011010111111100
10001110101000100010
10101001011001101011
11010000110111100011
10110010110111110001
10100011111101001011
00100011011101101011
01111101011111100111
11101010000001111010
00001100100111101011
00110111011111000111
00010111000011000100
10001110000010110000
01100001100011000100
01101110101111000101
00010101101111000010
10101110001101110111
00010100110100100100
00011110100101100110
00001101111110100101
01110111101011010110
00000110011111011000
01101100110011100101
01000100101101100111
01111101010000000111
00011111100000111110
00111101101010111111
00111110110100000011
10011100111010101110
00111110111000001000
10101010100100010001
10001101000101011111
00110111000001101010
10100001100111001011
10010111010010110001
01110111011111100011
10100111100010000001
01100000101101010010
01111111001011100001
11110100000010000101
01001010000010110011
11011100010001001100
10101110100001011100
10001100111100100011
00100000001100111101
10110011010111101000
11011100101100111110
00000101001001110011
11111100100011011111
10001000100010110110
00011110100111001111
01101000111011111110
01110100010011010010
00011011110010100101
10111000100011100011
11100100010010101101
10100011110011100101
10111000011111111101
11101101010101110101
10011110111101001110
10110000010101111000
11110010000001000110
11000000001011000101
01001110000011001010
01100010110001101101
10001011001010101011
11000101010101110111
01001000000000111101
00000000101110110001
11110000000100011111
10100111001100000101
11011001011010001110
10110100101110000001
00010000111000110111
10010111000100100111
01110001000000100001
10101001111010101101
01001010111011010001
01001110011010110001
00001100001111010100
10000111010000011110
00101010011001010111
01110110111110111100
10101110000110101101
10000110000000110110
01000110110001100111
00110100000100111010
01101010110001000101
10001011111011101101
00101111010010111111
10100011011010110000
01000010011011111101
10010010100001101110
10101011001111001000
00110001000001111100
00000110010010011101
00110001100000111111
00001101111000111101
10101000000101101101
10011110010100001011
00001100101000000011
10001100111011100010
11111001000001100001
00001011001011110110
00111000001101110011
10010100100010110011
01100110101111110100
11101110001011001100
01011111111011010110
00001010001100001010
01001011011111101110
00110100101111101010
11100101010001100110
00011111001000011000
01010110000000101110
10110111101100001101
11011110101100100100
01101000110011001111
01001101010100001010
11001110010101001101
00010010001001011011
00000110110000001111
00101110111011101000
11010111101011101110
10010100001100101010
10010010100100110000
00010100100101001101
01101101111110010101
01000001011101111000
10010101100011101000
01010000011011011011
11001100000100101010
00010000101111011010
11100110011111101110
01010111110010100101
11101110100011111001
00011110000000011011
00011101110111101100
00000011101001101001
00011010010000110110
10101111000000111100
00101000100000011000
00001010011101110011
11100111011110110010
10111110010111100111
00101111111101100000
01101101111010001010
11010010011100011100
00101110011101001100
01100010110001110001
01100011001101100101
01101110000011011111
10011010110000111011
11011000001100000001
11111010011000001111
01101111010010010101
01110011000111001010
11110101001011101111
01100101101010110011
01111001011011001110
01011110100001110001
00111101111011000101
00100111010101001100
01101100110011001101
10000000011110110101
00010010110011001000
00110000111001111110
01011011001011001001
00011011001111111100
00011010000100110010
00110001000011101000
00110110010111111101
11011001100111110101
01101100101001101111
11000111011101100001
10010000100101101010
01001110000000111111
11110010111100001000
10011000000010100101
11000000000000100000
10000100001001001010
10101001011001001011
11101011001000110001
00011100011011100001
01111001000111000101
00110111011010101100
10000010010011100011
00100000010110100101
01110100000101111011
11000111011100111011
01110001100001101111
10111111001000101110
10000011000001110111
11010101011100001110
10001010101001000001
10101100010010001000
01001100010010000100
00111001101001101000
01110111101101011001
10011100000101110010
00100000111000010000
11010111110001111100
01100100000101010100
01000010110000011100
00101010111010111000
00101011010111111011
00010110111111110010
11011110001001111010
10111111111111111001
01001001000001011100
11111100001010111111
00110111110010010000
10101010010000011100
11110010101001111111
00011101001010101000
11101110101101111110
11011001101110000110
11001000111101000001
10000100110001000010
11111000000001110110
00111001000011010000
10100010111100000001
01001001000010000011
10111101001111011111
01111010110110001101
10110100100101110001
10101001000111111100
00000000000101010010
11011001001001011011
01101100010001100011
10101010000000111000
11110111100101101001
00110000000110110011
10011110101010101111
01001000010101110110
10001000101111111011
10110101111111000101
10011101101001111110
00011010001001000110
10100000010010101101
10101000100011100001
01001010110000010111
00010100010100001110
10001110110101010111
00011111001101001100
00001101100100111011
00001110110011100000
01111111111001110010
10011011111001101110
00111101000011110110
11110100010000011001
11111110011010000100
11010101000101010101
11011000001110101000
10000100111100001111
10100100000011110010
01011010010100110001
11110010101011011110
01101110000110010000
10011010001011001000
00101100110110001101
11001011101010010011
00110111111100011001
11101010010100000101
10000100100001010010
00011110010110111110
11110101111011100111
01010000100111101000
00000000010110000100
00000111001110010001
10001111000111001010
10011000000011001011
00100100011100000110
00011011110100111111
10101000011011100110
01001100001100111011
10000101011000010010
01000001001111000010
01100101110001011100
00110001011111100110
01000001001101001111
01111000011111100111
11011111011110101001
01110010010101100010
10000101000111110001
00101010101010111010
00011010111100110110
00101010001101100101
00000001101100000111
01000100111101111101
11101110100001010111
10001010101101110100
10010111100000101100
00111001100000001110
10110100010101100111
10001100010010001000
01011101010011101011
01011110101110110001
10001010011011011010
01110100111001001111
10011010111001001001
01111111011000101111
01100100101101111110
10000000000101000000
01010110011111101100
10101101110001010100
01111100100111001100
01010110110110000100
11110100110010000001
00000000011001110111
01011101100001000011
10100000100000001111
11001111001100110100
11010110010011110110
01010011010000011001
00011000001011110100
11011000000111001011
00110110000010001111
00100011001010110111
01011100100011011001
11011000011001110001
01011001010000100001
01101000010101010010
10011001000001111011
10111100100000001101
10001111010101000111
11100110100111110011
00000000011001100001
10001101000010100001
11110100111101101010
01011101100101110100
00100111100111000001
11101010100010001110
01001100100110101000
11110110100010010010
10100111111001000101
11110010100100111101
10010110111101101001
10110100010111000110
10110000111010000100
01101010011100100110
11110001110010101101
11011100000100111100
00100110101101010101
10100001100001011010
00000010011111000111
10000000010000101100
01011100011010001011
00110100101000011100
10001100000001000110
00101110001101111010
01011100101111010111
10111000101111100000
00010100010001010011
00111010000111111110
00101001001000111100
01010110110011010111
10010111000011100010
00010000110111000000
01100111001001101010
11101011011011001010
00100011100000000101
01010010110110110101
00011100010000010000
11100001100111100101
00110010101111110111
00001011010010010100
10001111100111011000
10011100011000101010
11101110100001000001
00001111000101110111
00100110010111011110
11010010000001001111
01111010011110010111
10010001101000100000
10110110000101110011
00011111010100101001
00111110100000011001
00000010101000001111
00001010010101111000
00001100010111010011
00001000100001010001
10100000001111010100
10000101111011000100
00111011000011001011
10111111001001001011
01111101111000001101
10010110111000001100
11111110001001110110
11101001100000000000
10010111001110101001
10011010110011111001
01010000000001100111
00010100101100000110
01001110000111100101
01011000110111000011
00010010010111010001
00100111100101000000
11010001001000010010
10001000011111110001
10101111000010000001
00001011101010111111
01010011010100110001
01000000000010110101
01101001011111110101
10111100001000100111
00011010111110001011
10110001110011100111
01000111111101011100
10011000110000101110
10001010011000001000
00110011100001110011
01010001101111010000
11110011001110110101
00111101101000010001
11010001000111111100
00010111010011001111
11110100100011011010
11110001000001100000
11011000001011000100
11111100100001011011
11100100001110000101
11101100101001000011
01001111101011001110
01001001100000011111
11101010111100111001
11111001001110111101
10010101010001111001
10010011111110111010
00000100101010000011
00110001000011100110
10010011111101100001
11010100011001000001
10100000010010001100
01111111111011000000
10110110000000100000
11001000100011110010
01110001011011101101
01111111000000100011
11000100000010101100
00100000110111101100
10010101011101010110
00001001000001000110
10001100110010110100
11110010000001100111
01000110101110011111
10010110101000110010
11110001011111100010
11110100001001011000
10000010100010011011
10101101110011010000
01000000010010111001
10110111000100100011
00110011111001101011
00000110000101001110
11100001111000111011
00001000001110010100
11110110000110001111
01001000001111000110
11010110000101011001
11111011101010000001
10001100111001100101
10011111100110000101
11111001010111101111
11110001110110111010
11000101010001010101
10110100010100010100
10100011000001111010
10010011110010010000
00000110101111011011
01010001001100111011
01101110110101101011
01001010010001011101
10011001100101110101
10111100101100001101
01111011000001010100
10100100001111101000
01000100111000000011
01110111101011000001
11001101100101011010
01110001101100010101
01011001110100011010
00001000100011100110
11101100011110001110
01110100100101001010
10011000001011001110
01111111111000010100
11110010000110011101
10110010011010011011
10111000100110000001
01010100010011101011
11100100110101000110
00101100001110000000
00110110011101110000
10100110010010011110
10001000100000100011
11110001001100101000
11100110010101010110
11010110010111011111
11100010000000011001
01101000011100100111
10001000010010111000
01100101000111101000
10111111010101010001
11011000101001010011
01111001111001111111
10010010100000111000
10111011011011000001
01100011111001000100
11100110111110011010
11100110001101110110
10111001001100001011
00100000111010110001
11001011011101010000
01110110101100101001
01100110010111001101
10110100100100001101
10011010111011110000
11111010101100111101
01110110001111000011
10111111011111000000
10001010010111100100
00111001011100100111
11110000000000101111
11011010011011111100
00101110110110010111
00000101101100010001
01110111010100000001
10000110100110100011
01100110111000001011
01001011000011111100
11010011111010100111
00101111111011100000
10111101110010101111
01110010110001011101
01100110111101001000
10100010000111101000
10000000111110000000
01111000111100011001
11100100001011110011
11011101101011000011
01110101111111111010
11011100011101100100
01110001011000101011
10111000000001101110
01001111101001100001
00111010011000100111
00011011111010010010
10001110100110111011
11011110111100110001
11001001010011011010
00010100100011100001
01101100011101001100
00111000010111111010
11101010100101110010
10101110001110011101
10111111110011101100
01010000000011011110
10100110100100000011
10000111111110000010
10110000110101110110
01100100100001110111
01000010110011001111
01000110100001011100
11011101001110111100
00100101000011111110
01010011110010111111
00001001010000100001
10110011110110000110
00100010011001000011
00000111011111001111
01000011110001010000
11111001100001001110
10111100010100000011
11000011010000110111
01010101010001010101
11110101100101110000
10111000011001110000
10110000011001000001
01010011100000001011
10001111011111111111
01100100101111100010
00001011111110101101
11100100110001000110
11110101100011100111
01111010011111111110
10010101111000000010
01010001110110101100
10110100011111011100
10100000100010101101
01010010001010100001
10110000010001011101
00101010011000111001
01010010110000011100
00100100110101100101
00001101001111011000
10110000011010111001
01111100111000010011
11001111011101111000
10011001111101110100